Permutation algorithm

+-----+-----------+-------+
| no. | elements  | flip  |
+-----+-----------+-------+
|     |           |       |
|  1  |  1  2  3  |       |
|     |  <-->     |   2   |
|  2  |  2  1  3  |       |
|     |  <----->  |   3   |
|  3  |  3  1  2  |       |
|     |  <-->     |   2   |
|  4  |  1  3  2  |       |
|     |  <----->  |   3   |
|  5  |  2  3  1  |       |
|     |  <-->     |   2   |
|  6  |  3  2  1  |       |
|     |           |       |
+-----+-----------+-------+

+-----+--------------+-------+
| no. |   elements   | flip  |
+-----+--------------+-------+
|     |              |       |
|  1  |  1  2  3  4  |       |
|     |  <-->        |   2   |
|  2  |  2  1  3  4  |       |
|     |  <----->     |   3   |
|  3  |  3  1  2  4  |       |
|     |  <-->        |   2   |
|  4  |  1  3  2  4  |       |
|     |  <----->     |   3   |
|  5  |  2  3  1  4  |       |
|     |  <-->        |   2   |
|  6  |  3  2  1  4  |       |
|     |  <-------->  |   4   |
|  7  |  4  1  2  3  |       |
|     |  <-->        |   2   |
|  8  |  1  4  2  3  |       |
|     |  <----->     |   3   |
|  9  |  2  4  1  3  |       |
|     |  <-->        |   2   |
| 10  |  4  2  1  3  |       |
|     |  <----->     |   3   |
| 11  |  1  2  4  3  |       |
|     |  <-->        |   2   |
| 12  |  2  1  4  3  |       |
|     |  <-------->  |   4   |
| 13  |  3  4  1  2  |       |
|     |  <-->        |   2   |
| 14  |  4  3  1  2  |       |
|     |  <----->     |   3   |
| 15  |  1  3  4  2  |       |
|     |  <-->        |   2   |
| 16  |  3  1  4  2  |       |
|     |  <----->     |   3   |
| 17  |  4  1  3  2  |       |
|     |  <-->        |   2   |
| 18  |  1  4  3  2  |       |
|     |  <-------->  |   4   |
| 19  |  2  3  4  1  |       |
|     |  <-->        |   2   |
| 20  |  3  2  4  1  |       |
|     |  <----->     |   3   |
| 21  |  4  2  3  1  |       |
|     |  <-->        |   2   |
| 22  |  2  4  3  1  |       |
|     |  <----->     |   3   |
| 23  |  3  4  2  1  |       |
|     |  <-->        |   2   |
| 24  |  4  3  2  1  |       |
|     |              |       |
+-----+--------------+-------+


Examples flip:

1 2 3 4
<->         flip(2)
2 1 3 4

1 2 3 4
<--->       flip(3)
3 2 1 4

1 2 3 4
<----->     flip(4)
4 3 2 1

1 2 3 4 5
<->         flip(2)
2 1 3 4 5

1 2 3 4 5
<--->       flip(3)
3 2 1 4 5

1 2 3 4 5
<----->     flip(4)
4 3 2 1 5

1 2 3 4 5
<------->   flip(5)
5 4 3 2 1


Fs(B[n]) -> { B[n+1], fs }

fs - flip size

+----+---------+-----+
| no.|    B    | fs  |
+----+---------+-----+
|  1 | 0 0 0 0 |  -  |
|  2 | 1 0 0 0 |  2  |
|  3 | 0 1 0 0 |  3  |
|  4 | 1 1 0 0 |  2  |
|  5 | 0 2 0 0 |  3  |
|  6 | 1 2 0 0 |  2  |
|  7 | 0 0 1 0 |  4  |
|  8 | 1 0 1 0 |  2  |
|  9 | 0 1 1 0 |  3  |
| 10 | 1 1 1 0 |  2  |
| 11 | 0 2 1 0 |  3  |
| 12 | 1 2 1 0 |  2  |
| 13 | 0 0 2 0 |  4  |
| 14 | 1 0 2 0 |  2  |
| 15 | 0 1 2 0 |  3  |
| 16 | 1 1 2 0 |  2  |
| 17 | 0 2 2 0 |  3  |
| 18 | 1 2 2 0 |  2  |
| 19 | 0 0 3 0 |  4  |
| 20 | 1 0 3 0 |  2  |
| 21 | 0 1 3 0 |  3  |
| 22 | 1 1 3 0 |  2  |
| 23 | 0 2 3 0 |  3  |
| 24 | 1 2 3 0 |  2  |
| 25 | 0 0 0 1 |  3* |
+----+---------+-----+

3* - check finish and return to begin state


Author: Manuilov Yaroslav (Chander)

     _   _
    / | / 
    \_| \_
     /| /|
    / |/ |
   /     |
__/__   _|_
